#Constant Q simulation
#Fri Sep 01 14:50:17 CEST 2017
Q_count=15
Q_visible=true
Q_1=1.51207
Q_2=2.13784
Q_3=2.61836
Q_4=3.02366
Q_5=3.38037
Q_6=3.70301
Q_7=4.27616
Q_8=4.53560
Q_9=4.78092
Q_10=5.01427
Q_11=15.12070
Q_12=16.63277
Q_13=18.14484
Q_14=19.65691
Q_15=21.16898
Q_delta=0.03000
